-0.1304 -0.3696 0.0000
-0.5803 -1.6435 0.0000
4.3040 -2.3355 1.0000
1.0713 0.4989 0.0000
3.7593 -2.4374 1.0000
5.9493 -0.6614 1.0000
0.1931 0.0297 0.0000
-0.1665 -5.8103 1.0000
0.6226 -0.1549 0.0000
0.2229 -0.2949 0.0000
-0.1464 0.3165 0.0000
-4.5496 -0.2177 1.0000
-0.8051 0.6400 0.0000
3.4349 -3.5614 1.0000
-0.6711 -1.0233 0.0000
2.2328 5.1173 1.0000
-5.6161 1.4127 1.0000
0.6254 0.1636 0.0000
4.2217 -4.1066 1.0000
1.8635 3.5668 1.0000
0.3357 -5.2160 1.0000
5.2794 -0.4484 1.0000
-3.1761 4.8630 1.0000
-0.4966 0.0835 0.0000
-0.0412 0.2162 0.0000
0.3115 0.0180 0.0000
-3.5470 -3.6698 1.0000
-1.6536 4.9431 1.0000
-1.2493 1.2970 0.0000
3.0534 4.8572 1.0000
3.3634 4.9067 1.0000
0.4422 -0.1743 0.0000
-0.0918 -5.7747 1.0000
-2.9854 2.9009 1.0000
1.3257 0.2229 0.0000
-4.0914 3.0576 1.0000
-5.7464 1.3727 1.0000
0.6334 -0.2944 0.0000
-1.1635 1.0245 0.0000
-1.5307 0.9365 0.0000
-4.7484 1.1389 1.0000
1.8076 0.5375 0.0000
-4.1354 1.0064 1.0000
0.7209 -5.8566 1.0000
0.2348 0.0456 0.0000
4.5972 0.9832 1.0000
-0.9328 -4.8962 1.0000
-2.8538 -3.5007 1.0000
-0.2448 -0.1935 0.0000
4.7536 3.5357 1.0000
-0.4719 -1.5334 0.0000
1.0924 0.8019 0.0000
-0.3170 -5.6754 1.0000
3.3492 -3.7746 1.0000
-3.4579 2.4842 1.0000
2.2274 5.3341 1.0000
0.0272 0.0769 0.0000
-0.0564 4.9849 1.0000
2.8861 4.8291 1.0000
5.3016 -2.1055 1.0000
-3.2202 3.7426 1.0000
0.4032 -0.3913 0.0000
0.4609 -1.4721 0.0000
1.9940 4.3242 1.0000
-4.1895 3.1543 1.0000
1.2599 -1.2213 0.0000
1.1390 4.6099 1.0000
2.4409 3.5129 1.0000
-1.5382 -0.4916 0.0000
-1.2749 -1.3397 0.0000
1.2309 3.9242 1.0000
0.2388 0.0217 0.0000
-0.0631 -0.0682 0.0000
1.8485 -5.0152 1.0000
5.4289 2.4101 1.0000
-5.2836 -1.0973 1.0000
-0.0629 -1.0836 0.0000
3.7408 3.3781 1.0000
4.3166 -0.2727 1.0000
3.3698 3.1899 1.0000
-0.9619 -1.3589 0.0000
0.0330 0.0038 0.0000
-5.1097 1.7526 1.0000
-3.0305 -2.7839 1.0000
-0.0364 -0.0355 0.0000
1.5878 1.1209 0.0000
5.8297 -1.1322 1.0000
0.0592 -0.0351 0.0000
0.0406 4.2726 1.0000
0.7718 1.2440 0.0000
0.5151 0.0502 0.0000
0.5331 0.3731 0.0000
-0.4939 0.5413 0.0000
1.2946 4.5997 1.0000
3.6994 3.2548 1.0000
1.8024 -5.6181 1.0000
0.4377 -0.1276 0.0000
-0.5158 -4.2698 1.0000
-1.2237 0.3286 0.0000
-0.7166 0.8641 0.0000
1.0761 1.1043 0.0000
4.7334 -3.5882 1.0000
0.6703 -1.3660 0.0000
-4.0961 -4.2481 1.0000
-1.4424 -4.1405 1.0000
0.1466 -0.3694 0.0000
1.0174 -0.2163 0.0000
4.1066 3.8449 1.0000
-4.2752 2.6982 1.0000
-0.2131 -0.6845 0.0000
4.5542 -3.7422 1.0000
2.1512 -4.7987 1.0000
-1.6737 4.0973 1.0000
-3.9682 -0.8468 1.0000
-0.3401 -0.5374 0.0000
0.4860 0.3244 0.0000
0.4615 0.8809 0.0000
0.5628 -1.4383 0.0000
0.0294 0.3656 0.0000
0.7527 1.1995 0.0000
-5.0573 -0.7381 1.0000
-0.7177 0.1175 0.0000
-0.0649 -0.8517 0.0000
-3.1099 -2.9231 1.0000
-0.2716 -1.7947 0.0000
-0.0483 -0.5136 0.0000
-3.6258 -2.0302 1.0000
-0.0856 -0.3534 0.0000
0.0445 -1.5591 0.0000
-0.4038 1.7279 0.0000
1.7807 0.8457 0.0000
1.8264 -4.1069 1.0000
4.2528 1.7172 1.0000
-5.9305 0.7061 1.0000
-0.4697 0.4662 0.0000
0.0658 -0.2222 0.0000
0.5416 -0.0339 0.0000
-0.0602 -5.5044 1.0000
-0.5610 0.2719 0.0000
-0.1851 -0.4134 0.0000
-2.6457 3.0289 1.0000
1.3945 -0.8457 0.0000
-1.2957 -0.6651 0.0000
-3.4986 4.2929 1.0000
-1.2463 1.3245 0.0000
2.1945 4.7878 1.0000
4.8037 -1.9601 1.0000
2.2181 4.4928 1.0000
2.3059 -4.1561 1.0000
-1.2482 -0.2491 0.0000
-0.6687 1.3551 0.0000
2.0739 -5.2503 1.0000
0.6514 1.8181 0.0000
-3.0476 2.9741 1.0000
4.1366 0.5244 1.0000
-0.2676 5.3849 1.0000
-0.6609 -0.7731 0.0000
-0.5831 -0.5141 0.0000
-0.0122 0.0067 0.0000
-0.7828 4.5911 1.0000
3.5780 1.9739 1.0000
0.0074 -0.0082 0.0000
-1.2963 5.7829 1.0000
4.3684 -3.3794 1.0000
-2.5019 -3.2641 1.0000
-4.5470 1.8290 1.0000
-0.3268 1.6014 0.0000
-0.1152 -0.0604 0.0000
-1.7276 -0.6441 0.0000
-0.0947 0.1152 0.0000
-2.6347 3.8406 1.0000
3.6875 4.4162 1.0000
-0.5374 0.2168 0.0000
-2.3912 3.9519 1.0000
4.7974 2.9900 1.0000
0.1859 -0.0111 0.0000
-0.8355 -1.0838 0.0000
-2.3807 3.3262 1.0000
-1.0278 -0.3029 0.0000
2.3409 4.3150 1.0000
0.3741 -4.7698 1.0000
1.7259 4.0986 1.0000
3.4698 4.7706 1.0000
-5.2223 -0.3839 1.0000
0.0593 1.5692 0.0000
-2.3727 -4.9694 1.0000
-5.7138 -0.8870 1.0000
0.5026 0.4612 0.0000
-4.6756 2.3662 1.0000
-0.8165 -0.0839 0.0000
4.0699 -1.3996 1.0000
0.0146 1.0214 0.0000
-0.7088 -0.0820 0.0000
1.1929 -0.5768 0.0000
-0.0648 4.2336 1.0000
0.1691 -0.4532 0.0000
-2.6137 5.3711 1.0000
-0.4577 0.3392 0.0000
0.8491 0.5727 0.0000
-0.4036 -1.3469 0.0000
0.0097 -1.7741 0.0000
-3.8255 -1.8230 1.0000
-0.6926 -1.8120 0.0000
-0.9783 -4.1728 1.0000
0.3090 -0.2090 0.0000
0.5035 0.4499 0.0000
0.3376 -1.1672 0.0000
0.1629 -0.0691 0.0000
0.3936 -0.0674 0.0000
0.6339 0.1456 0.0000
-3.9859 -1.7288 1.0000
0.5582 4.2577 1.0000
3.7371 4.2076 1.0000
-1.4579 -0.0139 0.0000
-0.3954 -1.7480 0.0000
-0.1573 -0.2434 0.0000
-2.5708 -4.5833 1.0000
1.2585 -5.0873 1.0000
-1.8957 0.0892 0.0000
-3.9892 -2.7345 1.0000
0.2272 -0.0892 0.0000
0.1855 0.1102 0.0000
0.9491 -0.2827 0.0000
3.1616 2.6845 1.0000
-4.9784 -1.1822 1.0000
-0.0551 -0.0491 0.0000
-0.5339 1.9002 0.0000
-0.1532 -4.0262 1.0000
-0.1171 0.5979 0.0000
-4.1444 -2.5162 1.0000
0.1822 0.8354 0.0000
0.1282 -0.4393 0.0000
-4.5253 -2.7237 1.0000
0.4352 -1.2461 0.0000
0.5840 5.2036 1.0000
0.9622 -0.7125 0.0000
3.2584 2.5994 1.0000
-0.2537 -0.1161 0.0000
2.0510 3.6723 1.0000
-0.6083 -0.1588 0.0000
-2.6046 4.4102 1.0000
-4.0588 -0.8437 1.0000
3.6619 -1.7364 1.0000
0.3892 0.7896 0.0000
1.2016 0.0382 0.0000
0.0684 0.4191 0.0000
-4.1668 0.0408 1.0000
0.6516 -1.0864 0.0000
-4.8750 3.0152 1.0000
-5.8094 -0.1248 1.0000
2.3679 -5.5124 1.0000
4.3304 -3.4075 1.0000
2.9581 4.9068 1.0000
0.2669 5.6374 1.0000
-0.0818 -0.0385 0.0000
-5.0664 -2.5604 1.0000
2.6933 -4.1381 1.0000
3.3358 3.4418 1.0000
1.3301 -1.1003 0.0000
1.1153 -1.5122 0.0000
-3.4651 3.7408 1.0000
3.1712 -4.5759 1.0000
3.4675 3.5818 1.0000
-2.6187 3.3284 1.0000
0.3401 -0.4729 0.0000
0.9900 1.4854 0.0000
-0.3662 0.5707 0.0000
-4.1170 -0.8422 1.0000
-0.0393 -0.0124 0.0000
0.9143 -1.1279 0.0000
1.6418 0.9590 0.0000
-0.6546 1.0609 0.0000
0.4889 0.9970 0.0000
-0.2785 -1.5926 0.0000
0.2841 0.1526 0.0000
-0.8057 -0.9150 0.0000
-0.5482 -0.2937 0.0000
-1.8162 -0.0358 0.0000
-3.9394 -3.9018 1.0000
-4.3232 -3.3872 1.0000
0.0933 0.0691 0.0000
-2.8721 3.0403 1.0000
1.3128 -4.6242 1.0000
0.1685 -0.0649 0.0000
-0.0016 1.0787 0.0000
3.6073 -1.9100 1.0000
-1.2296 -0.3376 0.0000
-0.9780 -0.1376 0.0000
-2.2744 -4.9543 1.0000
4.8572 -2.2071 1.0000
0.1310 -1.0372 0.0000
-3.5873 -3.0233 1.0000
-0.0921 -0.2664 0.0000
4.5775 1.0741 1.0000
-0.6528 5.3730 1.0000
1.1579 -4.6093 1.0000
-0.7305 1.6338 0.0000
-3.8391 1.7579 1.0000
-4.9688 -3.3129 1.0000
-0.8958 -1.4827 0.0000
0.7652 0.1127 0.0000
-2.5565 5.2305 1.0000
1.6763 -5.4738 1.0000
-1.4253 0.3130 0.0000
-0.7858 -0.9908 0.0000
2.7224 3.8922 1.0000
-0.8542 4.4812 1.0000
-0.5157 0.6565 0.0000
5.7561 0.6578 1.0000
0.4142 5.1501 1.0000
0.0219 -0.4437 0.0000
-1.2608 1.0961 0.0000
1.4096 5.3982 1.0000
1.5719 -0.3758 0.0000
1.8359 0.2949 0.0000
0.2092 -1.2488 0.0000
1.1634 0.5581 0.0000
-0.0871 -0.1198 0.0000
-3.0444 -5.1624 1.0000
-0.0231 -1.0493 0.0000
-0.5094 -0.6977 0.0000
-0.5505 0.2430 0.0000
-5.4372 -2.0258 1.0000
4.9494 2.0820 1.0000
-5.1443 -1.4440 1.0000
-1.3073 -0.7818 0.0000
-0.3410 -0.0057 0.0000
5.4859 -1.2253 1.0000
4.4978 1.1342 1.0000
3.6886 -3.7551 1.0000
-1.9222 0.1014 0.0000
-4.9653 0.4844 1.0000
-3.5947 -2.0772 1.0000
3.0838 3.7169 1.0000
-0.0669 -4.4568 1.0000
0.0041 -1.0593 0.0000
3.1326 4.4085 1.0000
0.1730 0.3306 0.0000
0.9649 0.2823 0.0000
4.1950 -2.7946 1.0000
0.1056 0.0708 0.0000
-4.4467 3.5650 1.0000
1.0650 -0.2478 0.0000
-0.3029 -0.3777 0.0000
2.0332 -4.2336 1.0000
-0.3919 -0.3962 0.0000
3.4851 -3.4087 1.0000
4.6681 -2.2190 1.0000
0.7758 -1.1435 0.0000
-0.5613 0.4754 0.0000
-5.3426 -0.0913 1.0000
-1.6186 0.7742 0.0000
-0.0547 0.2696 0.0000
-4.6884 -2.2022 1.0000
0.2972 -0.3758 0.0000
-5.7466 -1.5808 1.0000
0.7383 -1.7219 0.0000
4.7464 2.8848 1.0000
-1.3145 -1.1116 0.0000
-0.2776 0.5415 0.0000
-3.1513 2.8175 1.0000
-1.5301 -3.8927 1.0000
0.2086 4.3713 1.0000
-1.4101 -0.1007 0.0000
-0.7947 -0.5102 0.0000
-0.0870 0.9080 0.0000
-2.2185 4.1902 1.0000
1.0558 1.2777 0.0000
-2.1933 4.3944 1.0000
0.5092 0.8360 0.0000
-1.3514 0.8702 0.0000
-1.6965 -4.6164 1.0000
-1.0372 5.7117 1.0000
0.6383 -0.8180 0.0000
-0.1720 5.8971 1.0000
-0.0726 0.0730 0.0000
3.8614 3.2203 1.0000
0.5794 1.0460 0.0000
4.2433 4.2060 1.0000
-0.4701 -0.5832 0.0000
-5.7722 1.0420 1.0000
-0.0745 -0.2144 0.0000
-0.0201 0.1526 0.0000
3.8082 -2.7824 1.0000
0.0596 0.0201 0.0000
4.8057 1.6226 1.0000
-0.8473 3.9325 1.0000
0.1161 4.5699 1.0000
4.4826 2.5292 1.0000
-1.2419 5.0158 1.0000
-3.6149 -3.0143 1.0000
0.9226 -0.7434 0.0000
-0.5346 1.8640 0.0000
-4.3608 -0.1614 1.0000
-1.0153 -5.7644 1.0000
-3.6837 -1.7792 1.0000
1.3874 0.3317 0.0000
0.4929 -0.0754 0.0000
-1.5415 -0.5479 0.0000
1.2759 -4.3641 1.0000
